
England  

MM Ali	2014-2015	22	22	0	732	128	33.27	710	103.09	2	3	1	70	25	
JM Anderson	2002-2015	194	79	43	273	28	7.58	561	48.66	0	0	10	23	0	
ZS Ansari	2015-2015	1	-	-	-	-	-	-	-	-	-	-	-	-	
JM Bairstow	2011-2015	9	7	2	202	83*	40.40	215	93.95	0	1	0	20	3	
GS Ballance	2013-2015	16	15	1	297	79	21.21	443	67.04	0	2	1	21	1	
IR Bell	2004-2015	161	157	14	5416	141	37.87	7019	77.16	4	35	6	525	32	
SW Billings	2015-2015	5	4	0	90	41	22.50	68	132.35	0	0	0	11	1	
RS Bopara	2007-2015	120	109	21	2695	101*	30.62	3462	77.84	1	14	4	204	34	
SG Borthwick	2011-2011	2	2	0	18	15	9.00	16	112.50	0	0	0	1	1	
TT Bresnan	2006-2015	85	64	20	871	80	19.79	965	90.25	0	1	6	88	6	
DR Briggs	2012-2012	1	-	-	-	-	-	-	-	-	-	-	-	-	
SCJ Broad	2006-2015	119	66	25	510	45*	12.43	681	74.88	0	0	8	34	9	
JC Buttler	2012-2015	59	50	7	1463	129	34.02	1275	114.74	2	7	4	127	38	
MA Carberry	2013-2014	6	6	0	114	63	19.00	180	63.33	0	1	0	14	0	
AN Cook	2006-2014	92	92	4	3204	137	36.40	4154	77.13	5	19	7	363	10	
JW Dernbach	2011-2013	24	8	1	19	5	2.71	39	48.71	0	0	1	1	0	
ST Finn	2011-2015	62	26	11	120	35	8.00	195	61.53	0	0	7	11	3	
HF Gurney	2014-2014	10	6	4	15	6*	7.50	33	45.45	0	0	0	1	0	
AD Hales	2014-2015	15	14	0	355	67	25.35	377	94.16	0	2	1	40	10	
CJ Jordan	2013-2015	24	18	6	137	38*	11.41	155	88.38	0	0	3	12	3	
C Kieswetter	2010-2013	46	40	5	1054	107	30.11	1172	89.93	1	5	4	106	32	
MJ Lumb	2014-2014	3	3	0	165	106	55.00	203	81.28	1	0	0	12	3	
SC Meaker	2011-2011	2	2	0	2	1	1.00	16	12.50	0	0	0	0	0	
EJG Morgan	2009-2015	123	114	19	3516	124*	37.01	3853	91.25	7	20	9	282	87	
SD Parry	2014-2014	2	-	-	-	-	-	-	-	-	-	-	-	-	
SR Patel	2008-2013	36	22	7	482	70*	32.13	517	93.23	0	1	1	37	12	
KP Pietersen	2004-2013	134	123	16	4422	130	41.32	5100	86.70	9	25	7	427	76	
LE Plunkett	2005-2015	31	27	11	372	56	23.25	411	90.51	0	1	2	23	11	
WB Rankin	2013-2014	7	2	1	5	4	5.00	5	100.00	0	0	0	0	0	
AU Rashid	2009-2015	11	8	2	175	69	29.16	140	125.00	0	1	1	23	2	
JE Root	2013-2015	59	55	6	2076	121	42.36	2492	83.30	6	9	2	167	17	
JJ Roy	2015-2015	6	5	0	98	39	19.60	110	89.09	0	0	1	13	1	
BA Stokes	2011-2015	29	24	2	424	70	19.27	476	89.07	0	2	3	36	9	
GP Swann	2000-2013	79	48	12	500	34	13.88	553	90.41	0	0	3	48	4	
JWA Taylor	2011-2015	18	17	3	492	98*	35.14	652	75.46	0	5	2	35	6	
JC Tredwell	2010-2015	45	25	11	163	30	11.64	242	67.35	0	0	3	9	4	
IJL Trott	2009-2013	68	65	10	2819	137	51.25	3658	77.06	4	22	5	216	3	
JM Vince	2015-2015	1	-	-	-	-	-	-	-	-	-	-	-	-	
DJ Willey	2015-2015	4	2	0	15	8	7.50	18	83.33	0	0	0	2	0	
CR Woakes	2011-2015	34	28	7	400	42*	19.04	513	77.97	0	0	3	27	1	
MA Wood	2015-2015	4	1	1	3	3*	-	4	75.00	0	0	0	0	0	
LJ Wright	2007-2014	50	39	4	707	52	20.20	820	86.21	0	2	5	63	18	



Australia  

SA Abbott	2014-2014	1	1	0	3	3	3.00	7	42.85	0	0	0	0	0	
GJ Bailey	2012-2015	57	54	6	2017	156	42.02	2333	86.45	2	15	2	144	44	
DE Bollinger	2009-2011	39	8	2	50	30	8.33	54	92.59	0	0	1	5	0	
DT Christian	2012-2014	19	18	5	273	39	21.00	307	88.92	0	0	0	23	3	
MJ Clarke	2003-2015	245	223	44	7981	130	44.58	10104	78.98	8	58	10	665	53	
NM Coulter-Nile	2013-2014	10	7	3	60	16	15.00	82	73.17	0	0	0	3	1	
PJ Cummins	2011-2015	12	6	4	29	11*	14.50	57	50.87	0	0	1	4	0	
BCJ Cutting	2013-2014	4	2	0	53	27	26.50	67	79.10	0	0	0	4	1	
XJ Doherty	2010-2015	60	23	16	101	15*	14.42	184	54.89	0	0	2	5	1	
JP Faulkner	2013-2015	44	33	14	814	116	42.84	718	113.37	1	4	2	68	28	
Fawad Ahmed	2013-2013	3	1	1	4	4*	-	2	200.00	0	0	0	1	0	
AJ Finch	2013-2015	49	47	0	1727	148	36.74	1982	87.13	6	7	5	180	33	
PJ Forrest	2012-2012	15	14	0	368	104	26.28	561	65.59	1	3	2	34	4	
BJ Haddin	2001-2015	126	115	16	3122	110	31.53	3706	84.24	2	16	2	296	71	
RJ Harris	2009-2012	21	13	7	48	21	8.00	48	100.00	0	0	0	3	1	
JR Hazlewood	2010-2015	13	1	1	0	0*	-	4	0.00	0	0	0	0	0	
MC Henriques	2009-2015	6	6	1	36	12	7.20	63	57.14	0	0	0	0	0	
BW Hilfenhaus	2007-2012	25	11	8	29	16	9.66	69	42.02	0	0	0	2	0	
PJ Hughes	2013-2014	25	24	1	826	138*	35.91	1100	75.09	2	4	1	91	5	
DJ Hussey	2008-2013	69	61	6	1796	111	32.65	1980	90.70	1	14	4	130	30	
MEK Hussey	2004-2012	185	157	44	5442	109*	48.15	6243	87.16	3	39	3	383	80	
MG Johnson	2005-2015	153	91	32	951	73*	16.11	987	96.35	0	2	6	81	23	
UT Khawaja	2013-2013	3	3	1	14	8*	7.00	40	35.00	0	0	0	1	0	
B Lee	2000-2012	221	110	44	1176	59	17.81	1407	83.58	0	3	16	69	35	
NM Lyon	2012-2014	8	4	3	12	8*	12.00	9	133.33	0	0	1	1	1	
CJ McKay	2009-2014	59	31	10	190	30	9.04	337	56.37	0	0	3	15	2	
MR Marsh	2011-2015	17	16	2	451	89	32.21	500	90.20	0	4	1	35	15	
SE Marsh	2008-2015	46	45	2	1712	151	39.81	2212	77.39	3	10	3	167	18	
GJ Maxwell	2012-2015	49	45	6	1367	102	35.05	1079	126.69	1	11	4	135	49	
JL Pattinson	2011-2014	13	7	3	40	13	10.00	72	55.55	0	0	0	2	0	
RT Ponting	1995-2012	374	364	39	13589	164	41.81	16944	80.19	29	82	20	1223	159	
KW Richardson	2013-2014	8	3	2	11	9*	11.00	6	183.33	0	0	1	1	0	
GS Sandhu	2015-2015	2	-	-	-	-	-	-	-	-	-	-	-	-	
SPD Smith	2010-2015	58	45	7	1549	105	40.76	1733	89.38	4	7	2	127	13	
MA Starc	2010-2015	41	18	11	162	52*	23.14	189	85.71	0	1	2	14	2	
AC Voges	2007-2013	31	28	9	870	112*	45.78	998	87.17	1	4	0	61	10	
MS Wade	2012-2014	47	43	3	909	75	22.72	1289	70.51	0	5	4	58	12	
DA Warner	2009-2015	62	60	1	2047	178	34.69	2285	89.58	4	10	2	215	32	
SR Watson	2002-2015	187	166	26	5686	185*	40.61	6291	90.38	9	33	12	568	128	
CL White	2005-2015	88	74	15	2037	105	34.52	2533	80.41	2	11	4	142	45	



South Africa  

KJ Abbott	2013-2015	19*	8	2	60	23	10.00	93	64.51	0	0	0	6	0	
HM Amla	2008-2015	121*	118	9	5919	159	54.30	6609	89.55	21	28	2	592	38	
F Behardien	2013-2015	31*	25	5	565	70	28.25	565	100.00	0	4	2	47	13	
J Botha	2005-2012	76	48	17	578	46	18.64	693	83.40	0	0	2	53	2	
MV Boucher	1998-2011	290	216	57	4523	147*	28.44	5342	84.66	1	25	16	341	81	
H Davids	2013-2013	2	2	0	8	7	4.00	24	33.33	0	0	0	0	0	
Q de Kock	2013-2015	47	47	2	1675	135	37.22	1916	87.42	6	5	1	189	18	
M de Lange	2012-2015	3	-	-	-	-	-	-	-	-	-	-	-	-	
AB de Villiers	2005-2015	185*	177	31	7895	162*	54.07	7948	99.33	20	46	6	706	157	
JP Duminy	2004-2015	143	129	31	3872	150*	39.51	4622	83.77	4	21	7	247	56	
F du Plessis	2011-2015	77	74	8	2453	126	37.16	2932	83.66	4	16	1	203	32	
D Elgar	2012-2012	5	4	0	93	42	23.25	158	58.86	0	0	0	4	0	
Imran Tahir	2011-2015	44*	15	8	65	23*	9.28	95	68.42	0	0	1	8	0	
CA Ingram	2010-2013	31	29	3	843	124	32.42	1024	82.32	3	3	5	82	10	
JH Kallis	1996-2014	323	309	53	11550	139	45.11	15793	73.13	17	86	17	910	137	
RK Kleinveldt	2013-2013	10	7	0	105	43	15.00	124	84.67	0	0	1	9	5	
R McLaren	2009-2014	54	41	15	485	71*	18.65	680	71.32	0	1	3	42	6	
DA Miller	2010-2015	77*	68	20	1745	138*	36.35	1731	100.80	2	8	6	129	50	
JA Morkel	2004-2012	56	41	10	760	97	24.51	750	101.33	0	2	1	69	25	
M Morkel	2007-2015	97	37	14	181	23*	7.86	245	73.87	0	0	8	15	5	
CH Morris	2013-2015	7	4	1	25	12	8.33	38	65.78	0	0	0	3	0	
JL Ontong	2001-2012	27	15	2	184	32	14.15	265	69.43	0	0	0	18	1	
WD Parnell	2009-2015	46	25	9	373	56	23.31	482	77.38	0	1	1	30	5	
AN Petersen	2006-2013	21	19	1	504	80	28.00	610	82.62	0	4	0	54	3	
RJ Peterson	2002-2014	79	41	14	556	68	20.59	688	80.81	0	1	4	51	5	
AM Phangiso	2013-2015	15	9	2	46	18*	6.57	82	56.09	0	0	3	4	0	
VD Philander	2007-2015	30	19	7	151	30*	12.58	213	70.89	0	0	3	14	0	
K Rabada	2015-2015	5*	2	0	11	10	5.50	30	36.66	0	0	0	1	0	
RR Rossouw	2014-2015	26*	25	2	826	132	35.91	871	94.83	2	4	5	82	19	
M Shezi	2014-2014	1	-	-	-	-	-	-	-	-	-	-	-	-	
GC Smith	2002-2013	196	193	10	6989	141	38.19	8643	80.86	10	47	7	788	44	
DW Steyn	2006-2015	105*	41	10	257	35	8.29	409	62.83	0	0	7	23	6	
LL Tsotsobe	2009-2013	61	21	13	56	16*	7.00	109	51.37	0	0	3	7	1	
MN van Wyk	2003-2015	17*	17	1	425	82	26.56	617	68.88	0	4	2	48	4	
D Wiese	2015-2015	3*	3	0	34	14	11.33	47	72.34	0	0	0	1	2	



West Indies  

AB Barath	2010-2012	14	14	1	394	113	30.30	612	64.37	1	1	2	43	3	
CS Baugh	2003-2012	47	35	11	482	49	20.08	719	67.03	0	0	2	37	7	
SJ Benn	2008-2015	34	22	6	138	31	8.62	184	75.00	0	0	3	14	2	
TL Best	2004-2014	26	16	8	76	24	9.50	125	60.80	0	0	1	7	0	
D Bishoo	2011-2011	13	7	2	10	6*	2.00	26	38.46	0	0	4	2	0	
CR Brathwaite	2011-2015	4	4	0	27	11	6.75	53	50.94	0	0	0	1	1	
DJ Bravo	2004-2014	164	141	24	2968	112*	25.36	3606	82.30	2	10	11	240	58	
DM Bravo	2009-2015	81	78	10	2220	124	32.64	3149	70.49	2	16	7	188	45	
JL Carter	2015-2015	10	9	1	193	50*	24.12	276	69.92	0	1	1	20	3	
J Charles	2012-2015	32	32	0	927	130	28.96	1126	82.32	2	3	5	104	24	
SS Cottrell	2015-2015	2	2	2	3	2*	-	9	33.33	0	0	0	0	0	
ML Cummins	2014-2014	1	-	-	-	-	-	-	-	-	-	-	-	-	
N Deonarine	2005-2015	31	29	3	682	65*	26.23	989	68.95	0	4	0	57	9	
KA Edwards	2011-2014	16	16	2	331	123*	23.64	494	67.00	1	0	3	23	7	
CH Gayle	1999-2015	266	261	17	9166	215	37.56	10775	85.06	22	46	22	1030	237	
JO Holder	2013-2015	33	21	7	317	57	22.64	338	93.78	0	2	4	28	11	
DP Hyatt	2011-2011	9	9	1	112	39	14.00	188	59.57	0	0	1	8	6	
LR Johnson	2008-2015	6	6	0	98	51	16.33	175	56.00	0	1	1	10	2	
A Martin	2011-2011	9	6	5	10	4*	10.00	29	34.48	0	0	0	0	0	
NO Miller	2008-2015	46	26	12	264	51	18.85	318	83.01	0	1	4	22	4	
JN Mohammed	2011-2011	1	1	0	2	2	2.00	21	9.52	0	0	0	0	0	
SP Narine	2011-2014	52	35	9	282	36	10.84	355	79.43	0	0	6	25	10	
V Permaul	2012-2013	6	3	1	11	10	5.50	21	52.38	0	0	0	1	0	
KA Pollard	2007-2014	91	85	4	2042	119	25.20	2180	93.66	3	7	11	132	97	
KOA Powell	2009-2014	28	28	0	772	83	27.57	953	81.00	0	7	2	92	11	
D Ramdin	2005-2015	127	98	21	1911	169	24.81	2331	81.98	2	7	4	149	25	
R Rampaul	2003-2014	90	38	9	359	86*	12.37	467	76.87	0	1	3	33	13	
KAJ Roach	2008-2015	67	42	26	216	34	13.50	415	52.04	0	0	6	17	3	
AD Russell	2011-2015	50	42	9	944	92*	28.60	729	129.49	0	4	5	87	50	
DJG Sammy	2004-2015	126	105	30	1871	89	24.94	1870	100.05	0	9	4	145	84	
MN Samuels	2000-2015	174	164	25	4631	133*	33.31	6220	74.45	8	25	9	442	96	
RR Sarwan	2000-2013	181	169	33	5804	120*	42.67	7663	75.74	5	38	8	480	58	
LMP Simmons	2006-2015	68	65	3	1958	122	31.58	2680	73.05	2	16	9	162	50	
DR Smith	2004-2015	105	89	5	1560	97	18.57	1683	92.69	0	8	14	142	64	
DS Smith	2003-2013	47	45	2	1059	107	24.62	1506	70.31	1	5	4	110	9	
JE Taylor	2003-2015	79	37	8	254	43*	8.75	297	85.52	0	0	6	28	4	
DC Thomas	2009-2013	21	19	2	238	37	14.00	364	65.38	0	0	3	19	2	
CAK Walton	2009-2014	5	4	0	17	17	4.25	30	56.66	0	0	3	1	0	



New Zealand  

GW Aldridge	2011-2011	2	-	-	-	-	-	-	-	-	-	-	-	-	
CJ Anderson	2013-2015	35	31	5	918	131*	35.30	744	123.38	1	4	2	76	48	
MD Bates	2012-2012	2	1	0	13	13	13.00	10	130.00	0	0	0	1	1	
HK Bennett	2010-2014	14	7	5	10	4*	5.00	35	28.57	0	0	1	0	0	
TA Boult	2012-2015	27	10	6	52	21*	13.00	69	75.36	0	0	0	4	3	
DAJ Bracewell	2011-2015	9*	5	1	27	13	6.75	48	56.25	0	0	1	1	0	
DG Brownlie	2012-2014	10	9	1	203	47	25.37	273	74.35	0	0	0	26	1	
C de Grandhomme	2012-2012	1	1	0	36	36	36.00	36	100.00	0	0	0	1	3	
AP Devcich	2013-2014	10	9	0	177	58	19.66	236	75.00	0	1	2	25	0	
GD Elliott	2008-2015	78*	64	11	1863	115	35.15	2270	82.07	2	10	5	146	25	
AM Ellis	2012-2013	15	12	1	154	33	14.00	184	83.69	0	0	1	10	2	
DR Flynn	2008-2012	20	17	2	228	35	15.20	360	63.33	0	0	3	23	2	
JEC Franklin	2001-2013	110	80	27	1270	98*	23.96	1651	76.92	0	4	5	97	17	
MJ Guptill	2009-2015	119*	116	13	4240	237*	41.16	5110	82.97	9	25	9	434	85	
MJ Henry	2014-2015	16	5	1	33	20*	8.25	39	84.61	0	0	2	3	1	
TWM Latham	2012-2015	32*	31	5	820	110*	31.53	1091	75.16	1	4	1	77	10	
MJ McClenaghan	2013-2015	43	13	9	77	34*	19.25	120	64.16	0	0	0	7	1	
BB McCullum	2002-2015	254	223	28	5909	166	30.30	6218	95.03	5	31	19	553	190	
NL McCullum	2009-2015	84	62	11	1070	65	20.98	1220	87.70	0	4	3	69	33	
AJ McKay	2010-2012	19	10	7	12	4*	4.00	47	25.53	0	0	3	0	0	
AW Mathieson	2015-2015	1	1	1	0	0*	-	0	-	0	0	0	0	0	
KD Mills	2001-2015	170	101	34	1047	54	15.62	1282	81.66	0	2	8	76	38	
AF Milne	2012-2015	25*	7	4	58	19	19.33	67	86.56	0	0	1	3	1	
C Munro	2013-2015	12*	9	0	244	85	27.11	259	94.20	0	2	1	20	5	
JDS Neesham	2013-2015	19	16	5	238	42*	21.63	249	95.58	0	0	2	25	3	
TS Nethula	2012-2012	5	3	1	12	9*	6.00	11	109.09	0	0	1	1	0	
RJ Nicol	2011-2013	22	21	2	586	146	30.84	776	75.51	2	2	2	53	13	
JDP Oram	2001-2012	160	116	15	2434	101*	24.09	2810	86.61	1	13	8	182	81	
L Ronchi	2013-2015	56*	45	7	974	170*	25.63	825	118.06	1	2	5	102	30	
HD Rutherford	2013-2013	4	4	0	15	11	3.75	56	26.78	0	0	0	2	0	
JD Ryder	2008-2014	48	42	1	1362	107	33.21	1429	95.31	3	6	5	152	38	
MJ Santner	2015-2015	5	5	1	97	44	24.25	75	129.33	0	0	0	10	4	
IS Sodhi	2015-2015	6*	2	1	1	1*	1.00	3	33.33	0	0	1	0	0	
TG Southee	2008-2015	98	53	18	366	32	10.45	391	93.60	0	0	9	25	15	
LRPL Taylor	2006-2015	166	153	25	5621	131*	43.91	6818	82.44	15	31	7	460	118	
DL Vettori	1997-2015	291	183	55	2201	83	17.19	2657	82.83	0	4	22	173	15	
BJ Watling	2010-2013	22	20	2	528	96*	29.33	767	68.83	0	5	2	54	3	
BM Wheeler	2015-2015	6*	4	4	50	39*	-	39	128.20	0	0	0	3	3	
KS Williamson	2010-2015	85*	79	9	3362	145*	48.02	3993	84.19	7	21	4	310	25	
LJ Woodcock	2011-2011	4	2	1	14	11	14.00	22	63.63	0	0	0	1	0	
GH Worker	2015-2015	2*	2	1	41	21	41.00	63	65.07	0	0	0	4	0	



India  

VR Aaron	2011-2014	9	3	2	8	6*	8.00	15	53.33	0	0	1	1	0	
R Ashwin	2010-2015	99	57	18	657	65	16.84	758	86.67	0	1	6	59	5	
STR Binny	2014-2015	13	10	3	228	77	32.57	241	94.60	0	1	1	23	5	
S Dhawan	2010-2015	64	63	3	2665	137	44.41	2959	90.06	8	14	2	312	33	
MS Dhoni	2004-2015	262	228	65	8446	183*	51.81	9551	88.43	8	59	7	653	177	
AB Dinda	2010-2013	13	5	0	21	16	4.20	36	58.33	0	0	2	1	0	
R Dravid	1996-2011	340	314	39	10768	153	39.15	15126	71.18	12	82	13	942	42	
G Gambhir	2003-2013	147	143	11	5238	150*	39.68	6144	85.25	11	34	11	561	17	
Harbhajan Singh	1998-2015	230	122	34	1171	49	13.30	1458	80.31	0	0	15	87	33	
RA Jadeja	2009-2015	121	83	27	1804	87	32.21	2136	84.45	0	10	5	144	35	
KM Jadhav	2014-2015	4	4	1	146	105*	48.66	137	106.56	1	0	0	17	1	
KD Karthik	2004-2014	71	60	13	1313	79	27.93	1793	73.22	0	7	4	138	12	
Z Khan	2000-2012	194	96	31	753	34*	11.58	1041	72.33	0	0	14	65	24	
V Kohli	2008-2015	161	153	23	6586	183	50.66	7351	89.59	22	33	10	630	62	
DS Kulkarni	2014-2015	8	1	1	2	2*	-	2	100.00	0	0	0	0	0	
B Kumar	2012-2015	50	25	7	189	31	10.50	231	81.81	0	0	5	18	2	
P Kumar	2007-2012	68	33	12	292	54*	13.90	331	88.21	0	1	2	25	7	
A Mishra	2003-2014	27	7	2	24	9	4.80	55	43.63	0	0	2	2	0	
A Mithun	2010-2011	5	3	0	51	24	17.00	55	92.72	0	0	0	2	4	
Mohammed Shami	2013-2015	47	21	11	109	25	10.90	125	87.20	0	0	4	7	6	
PP Ojha	2008-2012	18	10	8	46	16*	23.00	112	41.07	0	0	0	3	0	
MK Pandey	2015-2015	1	1	0	71	71	71.00	86	82.55	0	1	0	4	1	
Parvez Rasool	2014-2014	1	-	-	-	-	-	-	-	-	-	-	-	-	
AR Patel	2014-2015	18	11	4	54	17*	7.71	45	120.00	0	0	3	4	3	
MM Patel	2006-2011	70	27	16	74	15	6.72	112	66.07	0	0	4	7	1	
PA Patel	2003-2012	38	34	3	736	95	23.74	962	76.50	0	4	2	79	7	
IK Pathan	2004-2012	120	87	21	1544	83	23.39	1941	79.54	0	5	7	142	37	
YK Pathan	2008-2012	57	41	11	810	123*	27.00	713	113.60	2	3	7	62	43	
CA Pujara	2013-2014	5	5	0	51	27	10.20	130	39.23	0	0	2	4	0	
AM Rahane	2011-2015	58	57	2	1705	111	31.00	2228	76.52	2	10	6	171	19	
SK Raina	2005-2015	218	187	35	5500	116*	36.18	5863	93.80	5	35	12	471	118	
AT Rayudu	2013-2015	31	28	7	952	124*	45.33	1219	78.09	2	5	1	78	13	
WP Saha	2010-2014	9	5	2	41	16	13.66	56	73.21	0	0	0	5	0	
V Sehwag	1999-2013	241	235	9	7995	219	35.37	7655	104.44	15	37	14	1092	131	
I Sharma	2007-2015	76	27	13	72	13	5.14	200	36.00	0	0	4	6	0	
KV Sharma	2014-2014	2	-	-	-	-	-	-	-	-	-	-	-	-	
MM Sharma	2013-2015	22	7	3	31	11	7.75	61	50.81	0	0	1	5	0	
R Sharma	2011-2012	4	1	0	1	1	1.00	2	50.00	0	0	0	0	0	
RG Sharma	2007-2015	138	132	22	4312	264	39.20	5229	82.46	7	26	10	362	90	
RP Singh	2005-2011	58	20	10	104	23	10.40	242	42.97	0	0	3	5	1	
SR Tendulkar	1989-2012	463	452	41	18426	200*	44.83	21367	86.23	49	96	20	2016	195	
MK Tiwary	2008-2015	12	12	1	287	104*	26.09	403	71.21	1	1	0	24	3	
JD Unadkat	2013-2013	7	-	-	-	-	-	-	-	-	-	-	-	-	
RV Uthappa	2006-2015	46	42	6	934	86	25.94	1031	90.59	0	6	4	107	19	
M Vijay	2010-2015	17	16	0	339	72	21.18	506	66.99	0	1	0	33	3	
R Vinay Kumar	2010-2013	31	13	4	86	27*	9.55	146	58.90	0	0	2	5	2	
UT Yadav	2010-2015	50	16	11	46	17	9.20	80	57.50	0	0	2	6	1	
Yuvraj Singh	2000-2013	290	265	38	8237	139	36.28	9469	86.98	13	51	18	850	146	



Pakistan  

Abdul Razzaq	1996-2011	261	225	57	5031	112	29.94	6160	81.67	3	23	13	379	124	
Abdur Rehman	2006-2014	31	23	6	142	31	8.35	263	53.99	0	0	4	11	1	
Adnan Akmal	2011-2012	5	4	1	62	27	20.66	89	69.66	0	0	0	3	0	
Ahmed Shehzad	2009-2015	70	70	1	2428	124	35.18	3318	73.17	6	13	6	255	18	
Aizaz Cheema	2011-2012	14	6	3	26	9*	8.66	45	57.77	0	0	0	2	0	
Anwar Ali	2013-2015	17	12	5	251	43*	35.85	268	93.65	0	0	0	24	5	
Asad Ali	2013-2013	4	2	0	13	11	6.50	16	81.25	0	0	0	0	1	
Asad Shafiq	2010-2015	56	54	3	1279	84	25.07	1874	68.24	0	9	5	106	5	
Azhar Ali	2011-2015	25	25	3	1105	102	50.22	1443	76.57	2	7	0	104	4	
Babar Azam	2015-2015	3	3	0	91	54	30.33	109	83.48	0	1	0	8	0	
Bilawal Bhatti	2013-2015	10	7	1	89	39	14.83	75	118.66	0	0	1	10	2	
Ehsan Adil	2013-2015	6	4	1	27	15	9.00	42	64.28	0	0	0	2	0	
Fawad Alam	2007-2015	38	36	12	966	114*	40.25	1297	74.47	1	6	3	59	6	
Hammad Azam	2011-2015	11	7	2	80	36	16.00	131	61.06	0	0	0	5	2	
Haris Sohail	2013-2015	22	21	3	774	89*	43.00	934	82.86	0	7	1	59	11	
Imad Wasim	2015-2015	3	1	0	15	15	15.00	17	88.23	0	0	0	2	0	
Imran Farhat	2001-2013	58	58	2	1719	107	30.69	2489	69.06	1	13	3	190	16	
Junaid Khan	2011-2015	52	23	11	60	25	5.00	108	55.55	0	0	5	4	1	
Kamran Akmal	2002-2013	154	135	14	3168	124	26.18	3779	83.83	5	10	9	371	34	
Misbah-ul-Haq	2002-2015	162	149	31	5122	96*	43.40	6945	73.75	0	42	6	342	83	
Mohammad Hafeez	2003-2015	166	166	9	5004	140*	31.87	6706	74.61	10	27	15	523	70	
Mohammad Irfan	2010-2015	50	28	19	48	12	5.33	127	37.79	0	0	5	5	2	
Mohammad Rizwan	2015-2015	8	7	2	220	67	44.00	214	102.80	0	2	0	23	2	
Mohammad Sami	2001-2015	87	46	19	314	46	11.62	490	64.08	0	0	5	16	10	
Mohammad Talha	2014-2014	3	1	0	0	0	0.00	1	0.00	0	0	1	0	0	
Nasir Jamshed	2008-2015	48	48	3	1418	112	31.51	1881	75.38	3	8	5	150	19	
Rahat Ali	2012-2015	13	6	4	8	6*	4.00	35	22.85	0	0	1	0	0	
Raza Hasan	2014-2014	1	1	0	0	0	0.00	2	0.00	0	0	1	0	0	
Saad Nasim	2015-2015	3	3	1	99	77*	49.50	124	79.83	0	1	1	9	1	
Saeed Ajmal	2008-2015	113	70	24	324	33	7.04	535	60.56	0	0	11	25	0	
Sami Aslam	2015-2015	1	1	0	45	45	45.00	50	90.00	0	0	0	7	0	
Sarfraz Ahmed	2007-2015	49	36	7	839	101*	28.93	970	86.49	1	2	1	62	6	
Shahid Afridi	1996-2015	393	364	27	8027	124	23.81	6864	116.94	6	39	29	725	349	
Sharjeel Khan	2013-2014	11	11	0	194	61	17.63	242	80.16	0	1	1	23	6	
Shoaib Malik	1999-2015	224	201	29	5829	143	33.88	7267	80.21	8	33	13	488	73	
Sohaib Maqsood	2013-2015	25	24	2	725	89*	32.95	865	83.81	0	5	1	57	16	
Sohail Khan	2008-2015	12	6	1	25	7	5.00	51	49.01	0	0	0	2	0	
Sohail Tanvir	2007-2014	62	40	11	399	59	13.75	458	87.11	0	1	3	44	6	
Umar Akmal	2009-2015	111	100	16	2913	102*	34.67	3383	86.10	2	20	8	246	49	
Umar Amin	2010-2014	15	15	1	269	59	19.21	388	69.32	0	1	0	28	2	
Umar Gul	2003-2015	126	64	17	451	39	9.59	639	70.57	0	0	10	36	13	
Wahab Riaz	2008-2015	60	45	11	488	54*	14.35	584	83.56	0	2	11	41	18	
Yasir Shah	2011-2015	10	4	0	23	13	5.75	38	60.52	0	0	1	2	0	
Younis Khan	2000-2015	264	254	23	7240	144	31.34	9610	75.33	7	48	22	576	56	
Zulfiqar Babar	2014-2015	5	5	3	35	14*	17.50	40	87.50	0	0	0	2	1	



Sri Lanka  

PVD Chameera	2015-2015	3	2	2	14	12*	-	14	100.00	0	0	0	1	0	
LD Chandimal	2010-2015	100	90	16	2298	111	31.05	3024	75.99	2	14	9	168	28	
A Dananjaya	2012-2012	1	-	-	-	-	-	-	-	-	-	-	-	-	
PC de Silva	2014-2014	6	6	1	80	44	16.00	98	81.63	0	0	0	8	0	
N Dickwella	2014-2014	1	1	0	4	4	4.00	10	40.00	0	0	0	0	0	
LHD Dilhara	2005-2013	9	9	0	83	29	9.22	107	77.57	0	0	1	8	4	
TM Dilshan	1999-2015	319	293	41	10007	161*	39.71	11649	85.90	22	45	11	1077	52	
RMS Eranga	2011-2015	17	10	7	34	12*	11.33	63	53.96	0	0	1	4	0	
N Pradeep	2012-2015	5	3	3	3	3*	-	5	60.00	0	0	0	0	0	
CRD Fernando	2001-2012	146	61	35	239	20	9.19	392	60.96	0	0	9	19	2	
PLS Gamage	2014-2015	5	2	2	0	0*	-	12	0.00	0	0	0	0	0	
HMRKB Herath	2004-2015	71	30	15	140	17*	9.33	217	64.51	0	0	3	10	2	
DPMD Jayawardene	1998-2015	443	413	38	12381	144	33.01	15736	78.67	18	75	28	1098	71	
S Randiv	2009-2014	30	17	1	254	56	15.87	355	71.54	0	1	2	26	1	
SHT Kandamby	2004-2014	39	36	6	870	93*	29.00	1250	69.60	0	5	2	71	0	
CK Kapugedera	2006-2012	92	76	7	1521	95	22.04	2096	72.56	0	8	6	109	27	
FDM Karunaratne	2011-2015	17	13	1	190	60	15.83	276	68.84	0	1	2	14	0	
PHT Kaushal	2015-2015	1	1	0	0	0	0.00	1	0.00	0	0	1	0	0	
CKB Kulasekara	2011-2012	4	3	0	38	19	12.66	72	52.77	0	0	1	0	0	
KMDN Kulasekara	2003-2015	168	113	35	1181	73	15.14	1459	80.94	0	3	13	82	32	
RAS Lakmal	2009-2015	38	16	10	20	7*	3.33	70	28.57	0	0	4	0	0	
MF Maharoof	2004-2012	104	71	17	1042	69*	19.29	1234	84.44	0	2	3	85	23	
SL Malinga	2004-2015	188	95	29	475	56	7.19	621	76.48	0	1	22	38	19	
AD Mathews	2008-2015	161	135	37	3915	139*	39.94	4590	85.29	1	27	11	301	65	
BAW Mendis	2008-2014	83	40	18	163	19*	7.40	235	69.36	0	0	10	15	1	
BMAJ Mendis	2010-2015	54	40	10	604	72	20.13	710	85.07	0	1	1	46	11	
J Mubarak	2002-2013	40	37	6	704	72	22.70	1115	63.13	0	4	1	62	5	
SS Pathirana	2015-2015	3	3	0	66	33	22.00	72	91.66	0	0	0	5	2	
AK Perera	2013-2014	3	1	0	1	1	1.00	5	20.00	0	0	0	0	0	
MDK Perera	2007-2014	5	4	0	44	30	11.00	77	57.14	0	0	0	4	0	
MDKJ Perera	2013-2015	48	46	3	1096	116	25.48	1211	90.50	2	5	8	118	30	
NLTC Perera	2009-2015	108	80	13	1163	80*	17.35	1070	108.69	0	5	7	92	41	
KTGD Prasad	2006-2015	24	12	6	129	31*	21.50	146	88.35	0	0	1	9	3	
S Prasanna	2011-2015	25	22	2	193	42	9.65	235	82.12	0	0	5	15	10	
SMA Priyanjan	2013-2015	23	20	2	420	74	23.33	522	80.45	0	2	0	47	3	
KC Sangakkara	2000-2015	397	373	40	13975	169	41.96	17715	78.88	25	90	15	1349	86	
SMSM Senanayake	2012-2015	46	31	11	283	42	14.15	294	96.25	0	0	5	30	6	
LPC Silva	1999-2011	75	62	7	1587	107*	28.85	2254	70.40	1	13	6	139	10	
TAM Siriwardana	2015-2015	5	5	1	121	52*	30.25	89	135.95	0	1	0	11	5	
WU Tharanga	2005-2015	179	171	9	5397	174*	33.31	7320	73.72	13	28	14	623	28	
HDRL Thirimanne	2010-2015	99	80	10	2376	139*	33.94	3301	71.97	4	14	5	191	19	
I Udana	2012-2012	2	-	-	-	-	-	-	-	-	-	-	-	-	
KDK Vithanage	2013-2014	6	6	1	75	27	15.00	90	83.33	0	0	0	11	0	
S Weerakoon	2012-2012	2	-	-	-	-	-	-	-	-	-	-	-	-	


